 0.2157189 0.2789175 0.2945646
 0.3156734 0.2850650 0.3183579
 0.2113022 0.2115360 0.2140434
 0.2862152 0.2550737 0.2597909
 0.3680180 0.3240244 0.2789292
 0.4070166 0.4595679 0.4493099
 0.0142885 0.0947346 0.1500631
-0.3645347 -0.2325241 -0.2343860
-0.2164109 -0.2883090 -0.2484628
-0.1995380 -0.2245822 -0.2452702
-0.2018073 -0.2682646 -0.2701299
-0.2319695 -0.2771117 -0.3189916
-0.0654401 -0.0484475 -0.0792636
-0.2613194 -0.3136790 -0.2516280
-0.3111520 -0.3264658 -0.3152221
-0.2473933 -0.2545394 -0.2504341
-0.3332718 -0.3398529 -0.3345597
-0.3178723 -0.3021062 -0.2956823
-0.1986737 -0.2211100 -0.2482523
-0.2899121 -0.2223539 -0.2091132
-0.5759877 -0.4558894 -0.4106016
 0.0948724 0.1015756 0.1022005
 0.0437354 0.0468853 0.0512223
 0.0650656 0.0658452 0.0725332
 0.0642195 0.0827438 0.0701778
 0.0371739 0.0935319 0.1049998
-0.0489584 0.0057363 0.0392391
 0.0786078 0.0725634 0.0745377
 0.1154938 0.0948353 0.0991988
 0.1572274 0.1120458 0.0946316
 0.1718130 0.1666043 0.1593690
 0.0327610 0.0285817 0.0434396
 0.0513341 0.0464124 0.0491746
 0.0943507 0.0874395 0.0822618
 0.0927928 0.0973795 0.0995457
 0.0357328 0.0423185 0.0570156
 0.1270246 0.1029684 0.0934405
 0.1192491 0.1176653 0.1195168
 0.0383600 0.0442486 0.0654703
 0.1886617 0.2014080 0.1686095
-0.0506095 -0.0247699 -0.0178902
-0.1285432 -0.0245553 0.0142997
 0.3769441 0.3796056 0.3637303
-0.3349172 -0.2588022 -0.2839830
 0.0210847 -0.0129862 -0.0160618
-0.1738254 -0.1280223 -0.1673008
-0.1758365 -0.0977569 -0.0382556
 0.3223115 0.2661040 0.2855224
-0.4351646 -0.3621512 -0.3442279
-0.0078586 0.0219207 0.0918572
-0.1327287 -0.1743470 -0.1873952
-0.0415112 -0.0203119 -0.0034173
 0.2041182 0.0375150 -0.0164687
 0.1956653 0.1456211 0.1387336
 0.1355655 0.1338513 0.1399418
 0.3521272 0.2896775 0.2697763
 0.0382658 0.0195522 0.0465432
 0.0428365 -0.0382871 -0.0836631
-0.1195064 -0.1227268 -0.1658685
-0.2523754 -0.1602338 -0.1385971
 0.2010312 0.2616946 0.2973020
-0.2587906 -0.2322968 -0.1818540
-0.2092021 -0.2331798 -0.2871054
 0.0855663 -0.0428247 -0.0400469
 0.2694484 0.2352173 0.2415505
 0.1374356 0.0321680 0.0357444
-0.0417969 -0.1353579 -0.1656688
 0.0378903 -0.0197591 -0.0279878
 0.0611846 -0.0394884 0.0107822
 0.0782442 0.1533322 0.1572788
 0.0308908 0.0348699 0.0230150
-0.0143101 -0.0092551 -0.0600045
 0.1025844 0.1109525 0.0556030
 0.0859888 0.0140804 -0.0198349
-0.0337874 -0.1201588 -0.1255987
-0.0220164 -0.0708882 -0.0965986
 0.0763473 0.0327424 0.0121864
-0.0321365 -0.1207607 -0.0545259
-0.0746744 -0.0580349 -0.0923553
-0.0213373 0.0374037 0.0063553
-0.0761539 -0.0473088 0.0062716
 0.0931826 0.1099137 0.1077018
 0.0619431 0.0007485 0.0067427
-0.0752130 -0.1174697 -0.0812587
